Run semi-empirical minimization
 &qmmm
    qm_theory='AM1', grms_tol=0.0005,
 scfconv=1.d-10, ndiis_attempts=700,   qmcharge=0,
 /
   6   C01       12.1220       24.5770       -8.9270 
   9   F01       14.1900       24.0830      -10.0770 
   8   O01       11.4360       24.3880      -10.1350 
   6   C02       13.4420       23.8830       -9.0120 
  15   P02       10.1690       23.4010      -10.1180 
   6   C03       13.8610       23.0690       -8.0310 
   8   O03       10.4280       22.3910       -8.8850 
   6   C04       15.1880       22.3950       -8.1650 
  15   P04        9.4520       21.1810       -8.4600 
   6   C05       15.5060       21.5470       -6.9360 
   8   O05       10.0470       20.4890       -7.2950 
   6   C06       16.3390       22.2830       -5.9180 
   8   O06        8.9140       24.1560       -9.9170 
   6   C07       17.5230       22.8380       -6.2150 
   8   O07       10.1360       22.7110      -11.4320 
   6   C08       18.3110       23.5430       -5.1600 
   8   O08        8.1370       21.7010       -8.0470 
   6   C09       18.9270       24.8060       -5.7440 
   8   O09        9.2990       20.2660       -9.6230 
   6   C10       17.8750       25.8700       -5.7500 
   6   C11       18.1590       27.1270       -6.1100 
   6   C12       17.0750       28.1640       -6.1080 
   6   C13       17.1610       29.0310       -7.3630 
   6   C14       17.1590       28.1620       -8.5830 
   6   C15       16.0130       27.6540       -9.0540 
   6   C16       13.0150       22.8230       -6.8190 
   6   C17       18.0830       22.7610       -7.6000 
   6   C18       19.5510       27.4930       -6.5190 
   6   C19       16.0450       26.7840      -10.2740 
   6   C20       14.7090       27.9530       -8.3750 
   1     H       11.5510       24.1670       -8.1210 
   1    H1       12.2700       25.6220       -8.7520 
   1    H2       15.9470       23.1400       -8.2800 
   1    H3       15.1560       21.7520       -9.0200 
   1    H4       16.0420       20.6760       -7.2510 
   1    H5       14.5770       21.2940       -6.4700 
   1    H6       10.9170       20.1350       -7.5390 
   1    H7       15.9830       22.3630       -4.9530 
   1    H8        8.7750       24.7570      -10.6660 
   1    H9       19.0880       22.8990       -4.8050 
   1   H10       17.6650       23.8040       -4.3480 
   1   H11        7.7220       22.1610       -8.7930 
   1   H12       19.7560       25.1180       -5.1430 
   1   H13       19.2790       24.6240       -6.7380 
   1   H14       16.9110       25.6300       -5.4710 
   1   H15       16.1220       27.6770       -6.0810 
   1   H16       17.1950       28.7880       -5.2470 
   1   H17       16.3200       29.6920       -7.3960 
   1   H18       18.0670       29.6000       -7.3370 
   1   H19       18.0480       27.9530       -9.0640 
   1   H20       12.1080       23.3850       -6.8970 
   1   H21       13.5490       23.1270       -5.9430 
   1   H22       12.7840       21.7810       -6.7510 
   1   H23       17.4030       22.2280       -8.2310 
   1   H24       19.0230       22.2500       -7.5770 
   1   H25       18.2240       23.7500       -7.9830 
   1   H26       19.5870       28.5320       -6.7710 
   1   H27       19.8380       26.9100       -7.3690 
   1   H28       20.2230       27.2980       -5.7100 
   1   H29       17.0540       26.6850      -10.6150 
   1   H30       15.4500       27.2280      -11.0450 
   1   H31       15.6530       25.8180      -10.0330 
   1   H32       13.9150       27.4610       -8.8960 
   1   H33       14.5380       29.0090       -8.3800 
   1   H34       14.7440       27.6020       -7.3650 

