Run semi-empirical minimization
 &qmmm
    qm_theory='AM1', grms_tol=0.0005,
 scfconv=1.d-10, ndiis_attempts=700,   qmcharge=1,
 /
   6   C01       14.0500       25.8720       -8.5890 
   6   C02       14.4600       24.4500       -8.3190 
   6   C03       14.1690       23.6280       -7.2900 
   6   C04       14.7010       22.1990       -7.3070 
   6   C05       15.7930       21.8540       -6.2750 
   6   C06       16.9380       22.8270       -6.1850 
   6   C07       17.9310       23.0440       -7.0730 
   6   C08       18.9320       24.1690       -6.8400 
   6   C09       18.6240       25.4770       -7.6130 
   6   C10       17.1940       26.0340       -7.3930 
   6   C11       17.0180       26.9010       -6.1290 
   6   C12       15.5400       27.1120       -5.8140 
   6   C13       14.7930       27.7340       -6.9840 
   6   C14       15.0470       27.0600       -8.3520 
   6   C15       16.5880       26.8220       -8.6140 
   6   C16       13.3220       23.9970       -6.1080 
   6   C17       18.1210       22.2620       -8.3410 
   6   C18       17.8010       26.5540       -4.8790 
   6   C19       16.7970       26.1130       -9.9710 
   6   C20       17.3400       28.1620       -8.7180 
   1   H01       15.0560       24.0180       -9.1210 
   1   H02       16.8920       23.4640       -5.3020 
   1   H03       15.0860       21.9570       -8.3070 
   1   H04       14.7950       27.7370       -9.1680 
   1   H07       16.6370       25.1060       -7.2640 
   1   H08       13.8550       21.5140       -7.1600 
   1   H09       16.1790       20.8480       -6.4780 
   1   H10       15.3300       21.7900       -5.2820 
   1   H11       19.9320       23.8190       -7.1280 
   1   H12       19.0120       24.3750       -5.7680 
   1   H13       18.7910       25.2520       -8.6710 
   1   H14       19.3690       26.2380       -7.3530 
   1   H15       15.4330       27.7800       -4.9510 
   1   H16       15.0810       26.1590       -5.5340 
   1   H17       15.0920       28.7880       -7.0560 
   1   H18       13.7200       27.7600       -6.7580 
   1   H19       12.4560       23.3300       -6.0420 
   1   H20       13.8980       23.9050       -5.1820 
   1   H21       12.9440       25.0210       -6.1570 
   1   H22       19.1350       21.8510       -8.3820 
   1   H23       17.4300       21.4200       -8.4280 
   1   H24       17.9740       22.9070       -9.2130 
   1   H25       18.8780       26.5720       -5.0640 
   1   H26       17.6220       27.3040       -4.1000 
   1   H27       17.5140       25.5800       -4.4750 
   1   H28       17.8090       26.2750      -10.3610 
   1   H29       16.6640       25.0330       -9.9070 
   1   H30       16.1070       26.4990      -10.7280 
   1   H31       17.5090       28.5630       -7.7180 
   1   H32       16.7460       28.8680       -9.2970 
   1   H33       18.2980       28.0030       -9.2110 
   1   H05       13.0970       26.0880       -8.0920 
   1   H06       13.7900       25.8940       -9.6580 

