Run semi-empirical minimization
 &qmmm
    qm_theory='AM1', grms_tol=0.0005,
 scfconv=1.d-10, ndiis_attempts=700,   qmcharge=-3,
 /
  15   P02       45.9410       50.5760       50.9340 
  15   P04       43.5390       52.1170       51.0470 
   6   C01       45.2220       48.1920       50.2800 
   8   O01       46.2760       49.1220       50.3460 
   6   C02       44.8570       48.0050       48.8420 
   6   C03       43.5770       48.0620       48.4480 
   8   O03       44.3610       50.7900       50.6650 
   6   C04       43.2560       47.8680       46.9990 
   6   C05       41.7500       47.9290       46.7510 
   8   O05       42.1270       51.9220       50.6200 
   6   C06       41.1040       46.5700       46.7490 
   8   O06       46.2650       50.6430       52.3610 
   6   C07       41.5040       45.5760       45.9400 
   8   O07       46.8020       51.5290       50.2210 
   6   C08       40.8170       44.2520       45.9680 
   8   O08       43.5260       52.3260       52.4980 
   6   C09       41.8460       43.1360       45.8650 
   8   O09       44.1640       53.2750       50.3690 
   6   C10       42.4420       42.9290       47.2190 
   6   C11       43.2950       41.9320       47.4670 
   6   C12       43.8760       41.7580       48.8330 
   6   C13       45.3750       41.4640       48.7550 
   6   C14       46.0580       42.5220       47.9550 
   6   C15       46.3570       43.7080       48.4820 
   6   C16       42.4740       48.3300       49.4290 
   6   C17       42.6320       45.7720       44.9900 
   6   C18       43.6940       41.0060       46.3520 
   6   C19       47.0260       44.7490       47.6360 
   6   C20       46.0150       43.9910       49.9250 
   1     H       44.3780       48.5620       50.8230 
   1    H1       45.5230       47.2600       50.7100 
   1    H2       45.5980       47.8300       48.1460 
   1    H3       43.6220       46.9130       46.6860 
   1    H4       43.7220       48.6540       46.4420 
   1    H5       41.5780       48.3910       45.8010 
   1    H6       41.3140       48.4920       47.5500 
   1    H7       40.3200       46.3950       47.3970 
   1    H8       40.1380       44.1860       45.1440 
   1    H9       40.2780       44.1530       46.8870 
   1   H10       42.6110       43.4110       45.1700 
   1   H11       41.3830       42.2350       45.5220 
   1   H12       42.1880       43.5740       47.9830 
   1   H13       43.3840       40.9430       49.3220 
   1   H14       43.7340       42.6650       49.3830 
   1   H15       45.5260       40.5130       48.2890 
   1   H16       45.7840       41.4500       49.7440 
   1   H17       46.3040       42.3310       46.9710 
   1   H18       42.8880       48.4410       50.4090 
   1   H19       41.7850       47.5110       49.4230 
   1   H20       41.9630       49.2290       49.1540 
   1   H21       43.0150       46.7660       45.0910 
   1   H22       42.2850       45.6240       43.9890 
   1   H23       43.4070       45.0670       45.2070 
   1   H24       43.1790       41.2840       45.4560 
   1   H25       43.4370       40.0010       46.6140 
   1   H26       44.7500       41.0740       46.1920 
   1   H27       47.1840       44.3610       46.6510 
   1   H28       47.9680       45.0110       48.0710 
   1   H29       46.4040       45.6180       47.5820 
   1   H30       45.5460       43.1310       50.3560 
   1   H31       45.3460       44.8250       49.9760 
   1   H32       46.9100       44.2180       50.4660 

